TCCTG 4175 934763 3307 9456
AAATT 384 4 72 1
AAAGC 187223 1336 5486 1080
CAATA 20533 211 349 172
CTGGT 13561 3387 1354619 2235
CATCA 549 4193 1384 292404
CGCCG 363 216006 400 1048
ATAGC 93210 1241 7600 1752
CCCTA 143 168808 535 963
TGCCA 2747 197079 6813 5104
GTGCC 116 6 24764 19
AAGCA 11417 12699 208025 3648
GGCGC 26 72612 20 50
GACGA 225 140771 361 335
GACTG 472 383864 1485 1299
CAGGT 5340 5284 798235 840
CACTA 939 51913 2450 1058
TAGTC 0 0 0 0
TTCAC 2097 1314962 1898 14710
CGTTC 0 0 0 0
CGAGC 150382 612 3501 385
CTACA 669796 5124 3071 8603
GGTGT 1575 473 129 49718
GTTCA 170 494 474 213282
AGTTG 162 1565 344 70489
GTAGG 13964 486 540 589
ATCGG 59 40782 27 271
TTATA 216410 3111 5333 3265
TGGCT 13949 7942 211115 3678
CTATG 797847 13534 5942 23211
CATGT 169 1140 64 55022
TTTGT 11 55 5 6922
AAGTT 8896 6252 183331 2320
CCTGC 71 202 85 598378
CAAAC 158974 3252 6636 1962
AGAAT 26448 237 168 274
CTCCT 374 855648 275 1261
TGTGC 159 15840 337 1666877
AAATA 182654 2800 10879 2440
TTTTT 50 178 6 10883
TAATT 5332 128 243 43
CGGGA 496 71 64794 38
ATTCT 5 0 1 673
CCCTG 1416 1379108 3603 5533
CTCTA 18 13565 4 94
GTAGA 232301 4194 15495 7203
AGTAG 19824 38917 17300 1072841
ATGCC 2619 1576 228890 2062
ATGAT 5087 1734 319811 727
GCATC 31551 317 1138 427
GATGC 558 660 377 63297
GCTGT 3595 6840 1808 1009771
GCCTG 1043 1752476 4550 6665
AGGTA 330 632 54822 227
ACGGA 51 5 11946 8
TTAGC 111975 1127 4493 902
ACCGG 177 41232 169 533
TCCGA 1 2805 7 18
CCCCA 86 259567 217 420
AGCTT 1303 77862 3815 5146
GCCAG 435 808106 282 170
ACCGC 716 391686 1323 6378
GCTTG 1001 13762 2559 656387
GGACT 449508 3773 7661 1409
CATCT 403 4164 1081 789355
TTCGG 16 214163 289 351
GTCGC 0 0 0 0
CGTCG 40 86 33 8794
CTGAA 4693 2611 481184 1527
TGGAT 8743 10311 1825213 2501
TACCA 8444 259491 9899 11529
CGGTA 624 101 748 81
CACTG 4712 649136 20901 14972
ATTTA 354 1416 701 42773
ACGTC 2655 2646 296214 939
GTTTG 47 30 12 6908
TGGAA 4839 3054 338449 792
CACGA 802 219897 745 939
TAGTA 34368 34220 531736 6589
AGCTA 14904 720025 38472 87017
TGGCC 367 1310 83554 235
GCGTA 1934 205 20891 299
ACGAT 3022 3217 76833 701
AATTC 1761 12509 1511 262284
CCTCA 2111 636 482 719572
GAATA 91761 1461 4615 1612
CATGG 43 545 73 279530
ACTTG 0 18 0 48
TGCAC 5639 661081 3219 8920
CGCGT 63 21149 6 23
TAAGG 40172 386 513 153
ATAAA 164849 6107 9294 1993
GAGAG 4843 10217 948381 542
TGTAC 11 2182 2 57210
ACGCC 4845 797 267753 2045
AGCAT 2363 118028 2657 9835
GCCGA 769 808268 665 5631
TTCCT 49 41386 5 81
CCGAC 37 5 41736 4
GGTAT 4850 6980 3042 183609
CAAAA 157618 1959 5076 721
ATAGG 41435 772 1254 1095
GGTCC 1083 5221 2218 1628203
AGATT 58375 71 752 50
TAAAA 27182 186 1200 183
CCGCG 835 222 250531 209
TAGAG 14 132 18677 4
GAATG 38917 285 1059 193
CGAGT 250696 2507 3381 812
CATCG 46 341 92 28526
CCCTT 36 28667 58 30
AGGTC 4034 1486 499859 610
CTGTG 27045 16095 2603435 4313
TCTGG 6634 19489 19080 1917948
CCCAA 1 6964 4 25
TGTTT 49 306 35 31586
ACTTT 316 991 116 26306
CCGTC 1089 1491 302702 587
ACGTA 2880 1421 33666 902
TTGAA 285 57 107582 31
TAGCT 47874 31329 215271 4941
AGCGT 30 42763 534 1013
TGTCA 34 161 91 17895
GCGGA 12944 926 311825 861
CCGTG 27182 8417 745537 3271
CGCTC 0 0 0 0
CAAGT 64626 1304 2170 393
ACCAG 2828 580162 5716 7331
CGACC 9 0 0 0
ATATC 366086 9139 23231 17230
ACTCA 2459 553 2725 295839
GAGGG 1128 470 134345 284
CTACC 41451 203 20 1128
CTAGG 75 69 11 3
CTGGG 903 322 2418219 685
AAGAC 53 20 24072 11
GTGTG 869 559 63343 720
TTATT 72848 1135 785 1084
ATGTA 3166 1596 36038 1438
TCGGG 389 81 194640 59
AACAG 4918 694400 6594 27789
TCTTG 0 0 0 0
CGGGT 3 4 194 8
CAAGA 1111637 6593 37545 5508
TTATC 9126 1845 221 187
ATAGT 210074 3952 11858 1292
TCGAG 363 251 270736 36
CACCT 16552 1175634 36046 31039
AACAC 4664 433048 4602 18297
CCCAT 39 33390 16 32
GTCAC 810 516212 1213 1910
CAACC 320310 2465 8855 1128
AAGGG 4177 2421 1623041 830
ATTTT 2 50 11 5496
CCCGC 12 17077 25 52
TTGTT 0 0 0 0
TGTCT 105 667 137 278280
TGAAT 17589 286 244 40
CGGCC 900 193 575834 219
TATCG 0 1 5 66
GTATT 1088341 1655 3148 6086
TGGCA 11073 9993 304203 4570
AGTAC 2389 2894 2046 63154
ACAAG 306399 1123 2589 1014
GAAAC 53670 513 1713 238
GCTGG 794 8040 1340 2166175
CATAA 204 1448 125 71217
CATAC 4569 7975 4004 227849
GTTAA 0 0 0 5
GTTAT 2424 7088 2684 194181
CATTT 325 413 449 25602
TGTGA 65 2103 247 492344
GCTTA 764 1820 700 71742
TGCTC 0 29 0 0
TGATA 93487 735 860 397
GCCAA 325 323402 591 555
AGAGC 533533 4051 5786 1578
CCACT 32231 1499 851 470
TCTCT 621 912 1122 316216
AATAA 6433 4533 5944 143052
CAAAG 52394 915 2871 245
ACACT 20932 52 171 228
GAAAT 146459 4526 4847 3173
ACCGA 85 65855 638 1074
ATAAT 29800 848 1698 1270
CGGTT 5367 6661 117737 747
GGATA 164620 1130 1797 502
GAGTA 5309 7646 78983 1029
GCAAA 724645 2092 5719 3056
CGTAA 0 0 0 0
GCTGC 907 12753 418 356670
TTCTA 0 152 6 12
CAATC 92381 883 2355 301
GGCTG 1018 1537906 8983 4835
GATTG 69 343 88 268842
CGAGG 460037 3180 2484 150
ATTCC 1100 2564 2946 286282
CTTCA 550 2098 718 635513
GTACA 360327 5555 13630 7507
AGACC 297189 260 555 225
AGTGG 8764 17244 9450 2101124
TCTCC 3861 2198 4872 1657113
TATCT 1026 11020 2012 797591
TGTAT 3524 7835 4634 1539712
TAGCA 47873 38688 379432 10296
TAACA 157838 1575 3780 1281
TAATA 117136 3674 6646 3029
CACAC 141 55527 79 164
CACAT 2213 273225 2343 5259
TGCTA 2102 160379 6175 4326
TTCCA 1523 481316 1663 9318
TCGTC 59 13 2756 3
GACGG 15 9817 4 58
TTATG 140546 1595 579 5050
TCAGT 869291 8700 15280 5488
CTCTG 1665 1315673 673 4707
GGAAC 43163 491 3741 65
TACAA 846 314689 1179 8550
GTCGA 103 271405 113 19
GTCTA 361 111612 1940 1512
GAGCC 4676 5329 409250 723
CGTCC 1159 3275 2775 506656
GGGCT 38760 22163 1139782 8766
CTCAA 421 305691 2504 1469
CAACT 195004 3518 4100 1869
TCATC 171613 1618 3586 1353
ATGCA 25546 8520 489472 7890
CCGTT 0 0 0 0
CGGAT 200 128 19363 31
TACGA 6 6089 8 109
AACGT 249 7408 373 283
TATAA 51 373 110 13235
CTTAT 300 659 226 18995
TTGGT 6422 4790 451954 620
GATCG 11 40 13 43837
CTGGA 14852 4148 2620794 3986
ACCAT 3861 1146331 4273 11348
CTCGA 0 0 0 0
TCTGA 1454 2791 1126 428577
AGCTC 2125 324561 15140 28442
TGTTA 0 1 0 73
CAGTA 35696 24231 583514 7331
GTTTA 315 955 473 25129
GTCAT 0 0 0 0
AAAAG 153277 868 3689 318
GGCCA 99 113119 996 414
CTCGC 3 13764 6 7
CGGCG 276 19 5818 36
GCACA 705408 4042 10882 5225
AATGG 567 2068 439 68692
TAGGA 9 9 2870 10
GTGGC 2665 876 444785 1437
GGAGA 203021 232 729 62
CTAGT 40387 1844 2707 976
TCGTG 408 142 7550 40
CGAAA 133681 44 50 20
GATGA 1841 3331 1388 235593
CAATT 264839 3658 4437 2645
CGATG 0 0 0 0
AGTCG 385 3501 1077 451922
TACGT 0 0 0 0
ACCCG 670 218016 1272 2574
TGGGT 3643 6832 1745664 1769
TTTTG 108 55 5 10973
TGGAG 3172 12515 2178706 801
TCAGG 112696 572 1603 613
CAGGC 2839 1722 982787 646
GGAAG 963532 8440 11953 1136
AAGCG 982 405 18545 211
TTGTC 9 55 6923 11
GGTCT 162 623 170 497502
TCATG 0 0 0 0
CGGCA 3023 1736 115397 769
GCGTG 401 265 132306 286
CTGGC 97 84 58036 42
CCCCT 144 251503 220 294
ATCGA 6 13635 41 69
AGGCA 6943 1038 289874 1484
AGGAC 762 513 1080139 164
TACAT 612 434467 883 19579
TGATT 145461 1193 1030 428
GGGAC 1406 1073 257592 164
GCATT 20638 82 147 168
GCGCG 0 0 0 0
AAGAA 12045 13244 1026236 2819
TGCAA 943 873901 16763 12817
TGAGG 563833 1854 2008 510
GTAAT 97207 4328 7193 3174
GCGAT 0 0 31 0
GTCAA 168 84529 241 84
TTTCT 0 8 4 514
CTAGC 37039 458 1648 582
TTAAG 0 0 0 0
TCTAG 100 432 1073 13199
GGGTT 13445 10565 181265 1533
TCCTT 935 167904 1355 2540
CCGGA 66 15 28525 3
ACTGC 338 551 966 42728
CTGAG 16722 15824 2311646 5029
TGTGG 597 3224 932 120687
GGGTA 9639 6452 88256 2389
TAAAG 78776 1217 2596 140
TATTA 744 34750 1100 1521664
GTGAC 2225 1625 348832 1057
CTCGG 21 125247 25 55
ACTAC 4575 13107 3664 998631
TGCAT 196 15969 45 402
TATTC 12 532 69 15850
TAGGT 622 22 14845 74
CGCCA 2639 1015877 6226 8090
GGAAA 172189 605 1904 115
TTACC 206230 1599 4670 5720
GAATC 49604 473 1980 359
GTGTT 11 5 57 1
AGTTC 2794 3154 4170 441268
TAGGC 759 579 40191 203
GTGAG 2069 1613 55467 266
GCCGG 967 156728 103 90
AAGTC 362 672 67173 243
GAGAT 5750 18037 271754 1522
TCAAG 379256 6143 9047 766
CCATA 334324 2477 5378 2525
GGCGG 13 14835 79 26
CATAT 7403 11783 3628 474495
GTAGT 722090 17205 70569 11444
ACTGG 960 1771 1603 1055465
AGCCG 6697 420261 10131 41927
CATTC 2 1 2 170
GTGTA 66248 68662 718449 47239
TCGTT 51 38 2739 4
CAGTT 24128 15974 411940 6479
AGGGC 1240 504 1093955 189
TTTCC 65 88 215 52242
CGTAG 451 1801 505 59276
CACCA 3450 1232433 15738 22748
GAGGC 6008 1733 667799 395
GTGGG 1998 1313 994596 2210
TACGG 88 6235 104 1612
TTTGG 393 1098 472 83750
ACATG 326346 3378 3282 5294
TTGGC 124 7 41744 28
ATCCG 1084 379017 862 5494
TTGCA 275 18 32336 147
ACGTT 0 0 0 0
ATCAA 581 192058 1386 1889
AGCCT 6867 2487769 17827 58534
CTTTG 856 1811 97 130014
TCGCC 123 20 15475 9
CAATG 96799 1901 3149 845
TTGGA 1956 1046 255341 916
TACAC 121 162022 227 3893
CTTGA 585 1262 1156 301671
AACAT 322 73629 758 4148
TACTT 0 0 0 0
TTACA 230515 4283 1120 4726
ACTTC 41 29 52 2388
CCGTA 18773 6721 196466 4151
GTCCC 444 1049268 336 1166
ACAGG 287163 512 1485 1174
ATCCA 2892 209815 1820 3880
TGAAG 1692114 12972 16467 590
AGGAG 266 1091 265730 89
GACGC 1 79 1 7
TCAGC 746701 4629 12995 4685
AAAGG 160869 649 4346 497
ATTAT 3192 6220 1103 153609
TATAG 815 8289 712 166448
CTTCT 417 644 651 264842
GCAAC 45821 482 1138 664
CAAGC 190857 1278 7251 1161
ATGAA 5783 4829 725553 2852
GGGCC 3190 982 936701 567
CTCAT 66 76181 208 293
CAGCC 35994 11038 2329920 4264
TGACG 84247 357 585 52
GCCTA 798 277402 2921 3306
ATCGT 2 2796 18 14
AGATA 52814 3060 795 320
AATAC 9702 6334 5494 181875
GCCCG 33 130933 117 199
GGGGC 2028 1345 1171721 384
CGTTT 0 0 0 0
TTCGT 0 0 0 0
TAGTG 23733 27746 511109 5974
CTGCA 24656 11161 1321849 5840
AACCA 1437 289212 5788 17342
AACTA 4782 308311 12801 15252
TTGTG 60 78 16444 25
AGGGT 3047 200 139481 213
GTAAG 38184 2015 1113 124
TCATT 38470 429 905 101
GCAAG 477923 7526 6390 1455
ACGGT 197 745 9581 90
GTTCG 0 1 0 31
ACCAA 783 207359 1548 1870
GGACA 1491331 1932 5370 1153
TGAAA 238920 2994 4024 184
CTTTT 0 0 0 0
GCAGG 400694 1525 6478 1412
TTAGT 346174 3200 13212 3088
TCACA 74407 275 871 381
AAGCC 3434 3372 666881 817
TACCC 0 0 0 0
CCATT 69901 755 700 926
ACGCA 7789 2195 407835 3675
CGCCT 160 89911 438 2463
CTGCG 456 146 152847 158
GGCAA 292 182616 602 153
ATCTC 2409 707001 4819 14875
AGTTA 5608 12361 5373 413145
ATGTT 129 1374 4434 15
AAACG 56 0 1 0
TCACC 1935125 9283 24584 19897
GTTTC 796 4602 1070 182689
TAAGT 0 0 0 0
CAGGA 5237 2228 514624 522
GCTTC 777 11233 821 230679
GCTAG 61 332 60 17259
ATGTC 1274 446 12210 513
CCTCG 84 169 269 138554
GGCGT 327 151255 161 1872
TTCAT 103 87574 175 325
CACGT 2045 323136 2964 4866
CCGGC 978 194 156827 262
AATCC 337 416 750 87969
CCCCG 12 16923 19 7
GAACA 874069 8930 31217 1696
GCCTC 881 714061 3596 4873
CCTAG 305 838 229 16331
TATTT 36 260 96 23613
TTAAC 0 0 0 0
TGGAC 811 377 341909 106
AATAG 1481 3605 1233 58994
CGGCT 8809 7795 540420 2357
CGACG 0 0 0 0
CTAAG 22329 480 686 30
TCGCG 0 0 0 0
GTCGG 35 189590 123 353
GGCGA 0 31 0 0
GCTCC 1590 12655 3085 776754
GTGAA 8621 3612 1352503 4896
TTGAT 1838 1086 77074 213
CTCAC 784 589907 685 4210
CGAAC 464 3 56 3
ACGTG 0 0 0 0
TTTAG 822 7407 959 155523
GGTCA 23 469 126 176687
CCGCT 691 451 47221 257
TTCTT 0 0 0 0
TGAGA 1333196 13201 11525 2370
CGCGG 195 235559 259 680
CTCTT 47 4579 162 127
GGACC 47606 233 517 78
ACCAC 412 70394 389 1824
CGCTT 310 32663 2476 1615
TTACT 1343831 6854 1867 53678
CGATT 464348 7135 7774 2032
TTAAA 28241 231 48 124
CAGCA 29598 21580 495752 4212
ACTAT 1668 4816 846 290012
CGGGC 131 18 182256 11
CTGCT 1798 431 25820 695
CGTAT 2116 6121 1516 209102
CTGTT 6434 2515 214186 1243
AAGGT 8483 1054 252197 506
ATAGA 402 4 10 6
CTTGG 184 3746 1542 386995
TGATG 247148 1925 4489 782
GCGGC 1 0 2574 0
CGCTA 347 18593 410 789
TTTCA 707 806 3868 158656
CGATA 0 0 0 0
CCTCT 1093 1192 1171 539917
CATAG 1805 3479 1425 124809
AGACG 5324 0 0 0
TCTAC 320 593 164 39148
CTATC 230297 3929 5771 6484
AGTGT 48 110 24 13487
TATGA 649 2764 600 199977
GACTT 0 13 2 0
ACGCG 212 83 28978 41
GATTA 2030 3011 1011 162325
GCACT 486322 1781 4350 5911
ACTCT 330 999 1108 808203
TCTAT 3150 10691 5827 281050
AGTAA 4196 7890 3501 139115
GATGT 0 0 0 0
AGCCA 70 55076 1984 389
TCCCT 4547 1490127 3371 11141
GAGAA 2126 3404 51576 736
TCAAT 70802 676 1227 310
GACGT 0 0 0 0
ATTAG 5468 15446 2991 295152
GGATT 784011 9918 12539 3202
GGCAG 1042 550635 2220 1856
CCAAT 714 0 15 2
TTAGG 0 0 0 0
GACCC 231 334580 685 678
CGTTG 2 52 12 2762
CGGTG 2833 1334 108935 412
GTACG 4642 91 124 122
AGTGA 1591 2083 1144 312502
GCTTT 65 112 50 41160
TAAAT 126060 4866 2737 2357
CCCGG 80 79232 10354 80
ACATA 288485 3210 4198 3250
AGCGC 262 54544 356 1575
CCTGA 770 1506 1147 1573702
CGTAC 154 456 104 6624
CGGTC 82 49 16871 29
AAAAC 137969 1671 5611 1094
ATTAA 921 2057 730 51681
GTCCT 172 262901 56 511
AATCA 248 1091 509 161269
TGATC 24933 35 362 48
CCACG 143745 152 1644 928
TGGCG 0 0 0 0
GATAA 377 2571 440 25872
GAACT 342903 4289 9937 1491
TCACG 129924 352 944 912
CGCCC 0 0 0 0
GTATG 46097 2414 412 2387
GTACT 26244 211 2055 1247
TACTA 4085 859641 11828 64903
TGCGT 315 8538 94 102
GTAAC 110637 2739 9292 3656
ATCAT 1019 291108 6101 2761
TACCG 376 81749 974 1081
AATTT 0 0 0 0
TTGTA 3748 5083 46522 928
ATTGG 1313 3143 1595 358985
ACCTG 1882 332539 4194 8932
GCGGT 2443 329 35805 141
AACCT 2 18 2 0
TATTG 162 2380 269 69449
CTGAT 1895 1052 64351 3460
ATATT 166146 236 98 1425
TTACG 5915 66 4 151
CAGCT 124249 52805 1645173 16383
TGAAC 683798 6034 27726 1548
TCTCA 777 295 11322 394525
AAAGA 104214 223 914 98
GTTCT 531 465 321 342221
TAAAC 0 0 0 0
CTATA 141119 2418 799 5405
TCTTA 45 37 35 4798
AGAAC 799145 1993 11995 1046
ATACA 269803 1455 716 4406
AGCAG 8056 689520 9207 32462
CAGGG 4055 4073 1078622 1586
GCATA 51079 630 2274 883
AATGA 218 1144 266 671904
TGTAA 2 552 7 40940
CCCGA 12 13759 16 11
CTAGA 32761 489 2265 102
GTAAA 27393 494 1180 535
TAGAC 726 1004 288798 166
CCAGA 611152 3347 1275 393
TTCCG 57 24110 22 406
CCGAG 335 288 459932 59
AGAGT 451760 731 6607 129
AACGG 0 0 0 0
GATCA 595 1247 3758 261978
TTGAC 0 2 71 0
AATAT 115 256 81 20600
CACTC 1012 66372 1903 1180
TGCAG 14471 2209538 9956 33230
CCACC 4199 46 64 41
CGATC 0 0 0 0
GCTCT 373 558 1170 265719
TCGCA 72 31 13668 7
ACCTT 9362 756689 15760 28568
TGGGG 1644 1252 1516170 194
GTGCG 8567 1001 1188252 2534
TCTTT 581 969 332 69064
CCATG 355645 5093 5068 5551
CCCAG 218 472543 157 311
ATCTG 3586 804320 3352 27933
AGGCG 1440 739 127941 77
TGGGC 194 157 42269 33
GATAG 11 3 1 2844
AGCGA 0 0 0 0
GCATG 161506 1445 1199 2333
GATTT 0 0 0 0
TTCGA 19 5492 35 13
GCGCT 6262 2505 146342 933
AGGCC 2053 805 450871 408
GGTAA 2382 2366 1467 106805
GTGAT 786 422 44051 254
CAGCG 2851 787 77137 219
ATCCT 284 69287 996 863
GCAAT 53500 290 1098 189
ATTCA 1480 2523 1251 1055932
AACTT 1 14 1 0
TTCAA 78 73480 537 380
GTCCG 292 587107 700 1866
CGGAC 291 142 386843 67
GCGTT 0 0 0 0
TTGCT 64 3 15 28
TAGTT 29399 21494 230604 4281
AGATG 152634 756 2107 453
TAACG 26252 492 924 222
AAACA 43928 665 1589 194
GCACC 450015 3350 9427 5985
ACATT 76792 267 689 219
TTCAG 2067 570629 1714 8369
GGGTC 10585 5945 1430337 2894
GACAT 68 26202 42 195
GGGGG 4911 1487 1261315 861
AGAGA 797267 616 7781 276
GGTTA 971 2232 756 138314
TGGTC 955 409 343016 471
TTTTA 0 0 0 0
CCTGG 2631 8503 48383 1230837
TAACT 14381 287 229 242
CAACG 246627 949 2761 698
TCCCC 24 13540 62 158
CCAAA 47258 259 1024 28
TTCTC 441 328988 3729 6221
CGCGA 86 22453 35 590
TTTTC 8 62 12 5477
AGGGA 9064 3560 929965 2300
ACCGT 94 26715 38 463
TCCCG 25 14056 11 54
TCCAT 1278 349175 890 3778
GGAGG 931289 3522 12162 1454
TTCCC 2 34 4 20
GATCT 800 2954 1014 272603
TATGC 1160 14620 1124 700390
ATGCG 166 38 44290 143
ACATC 122279 744 4370 1061
TCGGC 3177 22 39463 61
GGCAC 418 125071 417 565
TGACT 112517 341 574 295
TAGAT 0 0 0 0
GCTGA 1748 4212 1281 950241
AATTG 29 413 43 9973
AACTC 1925 231567 7510 17106
GCCCT 15 46426 6 29
TCAAA 72047 515 823 335
ATATG 175625 6969 4357 9574
GCCAT 424 218809 398 726
GTGGA 9137 1865 1235719 3421
TCGCT 0 0 0 0
CAGAA 2707 2386 253873 511
ACAGA 421408 3559 4266 1807
AGCAA 2883 225217 9073 10144
TCCGG 322 176207 169 1970
AGTCC 205 249 348 99301
TGGTG 18042 15038 1557343 3936
TCTGT 1726 4748 1376 478796
CGAAT 69994 729 698 198
GTGTC 103 142 13345 19
AACAA 171 16454 608 1026
CTACG 488005 3267 1596 4967
CTCGT 2 2817 3 1
TCCAA 1626 628664 8470 5734
TGCTT 54 13059 215 232
TCTAA 139 229 98 23052
GCAGT 669832 2775 7202 3857
ATAAC 13031 183 364 214
CACAA 641 139969 1650 3929
GTTAC 4732 10062 5199 352456
GTCCA 561 605319 937 1347
TATGT 34 879 108 51273
TAGCG 1168 2008 20085 496
ACGGG 0 0 0 0
ATTGT 1 0 0 375
TTGCG 0 0 0 0
TTTGC 0 0 0 0
CGCGC 0 0 0 0
AGAAG 492956 3708 6824 369
CCTAA 802 1300 557 73344
TCCAG 2733 1556905 2454 5304
AAGAT 1739 651 116918 413
GACAC 1570 1599366 3908 10108
ACGCT 38895 15640 355206 10940
CGAGA 606068 77 140 1
GTTGG 532 1711 909 226702
CCTGT 302 949 437 986126
AATGT 10 33 12 4518
ACGAC 27 28 85041 14
TACTG 913 1372197 2921 92148
GCTCA 1 80 22 36639
AGGTG 3034 1186 1240936 870
ACCTC 234 67533 759 1018
AGGAT 258 159 15071 53
AATGC 121 576 57 33228
GCGAC 1788 35 231224 54
GTACC 84437 1720 5341 3032
AGGCT 49871 20630 1213765 9953
ACAGT 284464 1412 6636 1051
GCAGA 783628 5357 9681 4409
GTGCA 19415 1532 1914181 6025
CGTCA 131 603 286 63485
CCAGG 1935983 14511 18605 8587
GGCTC 909 721278 4776 7519
AACCC 1414 375360 3218 19243
CTCCG 380 322830 169 2681
CTAAA 6304 152 463 77
GTCTG 440 1019368 651 1654
CCAAC 233557 2634 5695 2486
GGAGT 1845532 3242 10804 1893
GCGAG 1088 1514 699264 394
GACCA 345 167113 1320 710
TGCCC 56 47964 146 405
TTTAA 0 0 0 0
CGACT 0 0 0 0
CGGAG 96 368 200119 19
AGTCA 56 3402 562 432748
CATTA 60 544 395 159222
CTTCC 49 609 66 47461
CCCGT 325 262758 278 888
CTGTA 22239 14507 612720 10171
GCTAC 2844 6920 1062 257452
AATCT 248 307 169 35706
GAGTT 2082 3888 51813 225
CGTGA 186 1922 343 329024
TCATA 238515 2823 4509 2073
TTGAG 149 1468 260812 59
GTCTC 513 718799 3874 3594
GATAC 2383 2848 2207 240212
GACTC 3685 1130892 13324 6732
CGTGC 0 0 0 0
GCTCG 2 36 12 2769
GCGTC 839 3082 67579 213
GAGGT 10717 8581 826345 854
CATGC 69 249 143 157465
ACAAC 532237 1595 5652 1288
ACCTA 800 104042 1600 2390
TCAGA 0 0 0 0
ACAGC 1307073 5243 19010 5802
AAACT 196897 3272 6608 3801
TTTAC 266 2836 240 77377
GGCCT 760 433718 731 819
GCCGT 458 614808 375 1862
GAATT 15245 2059 342 279
GCCCC 387 448184 540 1014
AAGCT 30127 25237 377385 8149
ATACT 443944 6863 5266 25830
ACTTA 0 0 0 0
TGTAG 0 1 0 72
TAGGG 0 0 156 1
GGGGA 6652 1760 767622 1159
AACGC 719 261587 1397 6954
TTGGG 256 129 308103 168
TGGTT 6466 2710 137410 706
TTTGA 99 708 137 57354
ATAAG 44714 421 1147 223
TAAGC 44673 332 1302 199
AGCAC 13409 724048 13691 46321
ACTGA 509 2303 338 49088
CAGAT 5405 1354 161877 872
ACACG 1655754 2122 11996 12679
CACGG 292 1064174 1038 2450
TCGGT 257 398 89070 46
AAACC 111597 877 3248 574
GGTTC 961 2901 1295 264248
ACTCG 0 0 0 20
GACTA 658 53003 999 788
ATTAC 4582 13028 3365 1327964
TGAGC 712439 5527 14955 3648
AAAAA 129837 982 5478 709
TACGC 309 490561 459 26084
GGTAG 13647 19415 9541 377321
GTTGC 1 0 0 34
TAATC 16901 193 403 198
TCCTC 68 82552 929 639
GTCTT 26 6910 25 36
GTGGT 33388 8655 881628 6657
GAGAC 3901 6122 1306383 712
TGAGT 259868 147 4469 282
TCGAT 0 0 0 0
GCGCA 395 75 72121 111
AGAAA 56184 1053 2111 130
CTAAT 394 3 42 7
TGTTG 352 2548 2607 189620
CCGCC 1408 2151 992606 392
GTATC 642775 14810 9863 42073
TACTC 6 5615 16 487
GACCG 341 236197 1540 853
AATTA 207 163 132 10584
AGAGG 98321 108 248 125
AAAGT 12657 23 1175 6
CGACA 351750 2668 4634 695
GTTGA 16 63 61 79551
GGAAT 79587 893 12531 377
AGTCT 1017 2703 1215 993554
TAACC 13296 84 300 107
GACAG 320 250949 355 111
TCGAC 0 0 0 0
TGCCT 0 0 0 0
TCTGC 269 376 178 569250
CTTCG 67 275 548 213899
TCTTC 43 168 16 38138
GGGTG 3301 6284 471919 1727
CATCC 1392 1707 1591 198245
CCGCA 1563 111 76703 583
CCATC 942560 7042 30678 5163
GGCCG 913 1076153 4611 4260
AGGAA 569 448 54517 201
ATCTT 760 96546 3121 1963
CCAGT 307784 564 2829 1643
GGTTG 5 25 19 38915
AAATG 605835 4916 5263 5908
TTTAT 1944 1085 892 68163
CAGTC 6572 1116 387634 499
CGCTG 5545 513495 30168 18913
GATAT 231 736 122 25507
ACTAA 0 0 0 0
GATTC 5417 12168 4245 1041517
AAGTG 1941 2094 102406 411
ATTTC 0 0 0 0
ACACA 298341 902 3187 2020
TTTCG 5 43 42 5469
CGCAG 1080 459576 3814 3460
AAGGA 780 285 86042 142
GAAAG 225231 857 4245 227
CCGGG 105 55 157891 18
CGGAA 6 5 797 0
GAAGG 1519470 6233 52355 4294
TCCTA 34 25112 134 241
AGACT 1005050 4670 6526 1398
GAGCG 7 1 255 1
GTTGT 0 0 0 0
GGCCC 270 416680 1258 2831
GATCC 88 598 339 332637
TCCGC 226 730831 231 359
CTTAC 2129 2262 1787 63094
GGGCG 1121 847 102816 231
AACTG 1479 172144 3845 12438
GGGAG 11129 7128 1084798 1594
GGTCG 8 1931 106 1648
GGGGT 7597 612 337347 356
GAGCT 80050 95784 928384 7889
GGTGC 1574 1398 675 1469637
TATGG 554 6161 734 255867
CCGAA 0 0 0 0
ACTCC 1262 1797 2804 369082
TGCGG 209 90606 841 883
CAAAT 588161 9064 21152 2579
GAAGA 330967 1578 13394 1058
CCTTA 27 56 36 61380
TGGTA 50204 26200 862205 10738
ATCCC 197 82268 424 904
GAACG 0 0 0 0
AAATC 119343 213 3255 304
TCACT 274850 4208 5296 4700
ATTTG 0 0 0 0
GTTAG 0 4 1 68
CTCTC 524 595006 4389 3023
TCGTA 0 0 0 0
TTCTG 703 269003 107 2101
GGGAT 5198 3363 245449 978
TGCGC 39 156610 17 474
TAATG 16927 641 849 409
CGCAA 0 0 0 0
GCGAA 611 356 143957 134
GAAGT 382048 3368 13749 1893
GGTAC 7713 7968 3029 363241
GTGCT 964 79 26751 201
AGGTT 3791 2365 117639 2176
ATGGA 2497 665 576537 1372
ATCGC 30 14960 35 255
GAAGC 884937 6287 33475 3472
ATGGG 1322 452 318351 718
GGCAT 586 121897 413 1391
CCAGC 528804 1577 5437 1508
CCTCC 250 1119 1001 122532
CCTTG 896 3117 1471 120102
AACGA 0 50 0 7
CCAAG 867909 9463 16291 855
ACACC 278547 2060 3310 2618
CCGAT 372 56 396941 97
TGCCG 168 37421 161 526
ATCAC 93 42241 34 1558
CCACA 119241 158 1195 363
AGTGC 226 185 83 59847
ATGAC 2141 535 169084 1472
CTTGT 74 281 197 71973
GAGTC 24491 16549 1485893 1794
GAGTG 28763 4068 1131266 1903
TATAT 533 7287 800 349130
CGTGG 364 2394 179 135445
CACCG 1319 147425 6074 2890
ACGGC 5538 2397 1051750 981
CGCAC 302 114664 526 400
GAAAA 134225 1626 4733 624
GGGAA 14237 4144 875756 2897
AGCTG 12583 2199210 31226 129436
TAGCC 2 1 54 0
CTCAG 145 485432 639 674
ACAAT 357037 1200 6963 1430
AAGTA 9894 6310 88532 2563
GACAA 1360 879136 1863 1811
AGCGG 590 19598 529 3301
ATGTG 1252 971 47832 710
ACCCT 1365 430483 1397 2721
TACAG 2450 627162 3016 11537
CTAAC 73905 2118 4010 1123
CAGTG 14503 17397 653156 3217
CACTT 843 26099 2280 1123
GCAGC 2085342 5435 27759 9666
CTGAC 308 82 111083 48
AGACA 941755 714 1340 443
TAGAA 1694 521 30938 75
CTTTA 630 751 126 243614
TGACC 429678 241 2277 983
ACGAG 1176 903 140965 363
GTAGC 468702 10243 42136 12362
GTATA 173205 7137 6330 10098
GCACG 21529 38 177 60
TATAC 3112 5731 2050 138516
ATACG 21518 331 205 702
ATCAG 2590 609353 4759 9134
CTTAA 0 0 0 0
ATGAG 1807 1426 260853 809
CCTTT 1281 3598 791 260230
TTAGA 49631 338 462 65
TGTCG 0 0 0 0
ATTGC 13 28 23 2869
GGATG 526540 6542 14542 3685
GACCT 7 35440 23 57
AAAAT 26537 248 1399 183
ACAAA 151661 1061 1842 901
GTCGT 12 8087 16 21
GGCTA 911 110712 1491 1754
ACCCA 133 75232 993 606
GCGGG 1 3 293 3
GGAGC 726408 4032 13962 2370
ATTGA 13 52 8 7579
GCTAA 385 457 159 11531
CCCAC 26 32555 55 40
GGTGG 8583 13914 4351 1200828
CAAGG 641270 3515 12614 1489
GGGCA 9672 1109 229540 247
ATATA 111118 3387 3985 4199
ACGAA 446 303 57296 66
ACTAG 1090 2473 685 70051
GCCAC 80 62782 42 57
CTGTC 2042 1049 520870 762
AATCG 0 0 0 0
CAGAG 2435 830 752849 311
CCCCC 263 261958 358 892
GTTTT 252 142 1594 9150
TTCGC 1 344 0 2
TAAGA 22721 239 478 103
TCGGA 522 428 242694 106
TCGAA 35 41 19503 3
TGACA 6160 73 107 38
CATTG 115 881 215 22707
CCTTC 2452 16109 3069 862728
ACTGT 1295 1731 791 1569095
GGACG 60446 133 437 134
AAGAG 2155 3391 359842 500
TGGGA 6524 5296 716521 1120
TATCA 1256 1187 2904 431536
GAGGA 32889 40756 728712 4906
GTTCC 255 182 113 165487
CGGGG 468 350 104841 10
TCAAC 118237 1674 2577 1043
CGTGT 729 3264 411 451056
CCTAT 602 1945 409 96787
CAACA 156371 2512 6224 1516
TGCTG 421 30015 1553 1577
ACCCC 127 63876 479 959
CTTTC 104 354 319 27372
TATCC 337 1460 1031 131092
TGCGA 651 1088023 2052 12431
AAGGC 1212 547 469344 180
CCTAC 3267 5417 2201 384755
ATCTA 4169 228719 5446 11863
ATGGT 3298 2353 261681 821
CAGAC 2901 1789 663782 375
CATGA 86 361 304 383196
GGCTT 1667 883105 4175 6344
GCCCA 135 208290 170 430
GGTGA 1469 2453 876 679133
CTACT 470633 8280 2769 15631
CGTCT 190 406 367 93841
CTTAG 387 1687 654 49260
TCCCA 0 0 0 0
ATGCT 5402 2904 152381 3265
CCGGT 507 23 122937 57
AGTAT 954 2798 1562 78245
GAACC 296885 1962 7127 701
CGTTA 0 0 0 0
GTCAG 107 91210 85 283
GAGCA 36191 31201 581670 4852
CACCC 311 63031 1081 1130
GGTTT 483 1188 285 157831
CTATT 301027 11954 5526 11206
GCCTT 107 325140 114 708
TCCGT 1487 398215 1244 6979
TCTCG 0 0 0 0
ATACC 56402 916 3278 1542
AACCG 533 49257 2334 4393
CTCCA 1754 1377065 1640 5508
GCGCC 15 12 57848 4
GATGG 3136 14318 1899 636216
AGATC 299045 2110 3517 1581
CCCTC 366 647194 2333 4971
TGTCC 566 418 516 260693
TCCAC 1009 136302 1272 2870
TTAAT 24348 508 1517 399
AGCCC 3243 340426 4190 19470
ATGGC 1080 433 99697 421
GGATC 566895 4744 15901 2978
CGAAG 484 16 26 0
CTCCC 1388 397331 196 3634
TGTGT 772 3654 598 453911
CTTGC 156 372 127 29260
GCCGC 153 229004 54 707
TTGCC 0 0 0 0
AGGGG 1990 915 670257 157
CGCAT 13 2900 28 40
CACGC 1233 344133 1365 11904
ATTCG 0 0 0 315
AGTTT 53 250 40 41888
TGTTC 0 34 1 3180
CACAG 1381 722084 9048 3396
CTGCC 63 80 38209 65
TACCT 13 41207 19 1173
GCTAT 12508 25313 5679 824957
